4 15
4 35
4 16
4 36
4 17
4 37
4 21
4 41
4 22
4 42
4 23
4 43
6 13
6 33
6 18
6 38
6 20
6 40
6 25
6 45
7 13
7 33
7 18
7 38
7 20
7 40
7 25
7 45
8 13
8 33
8 18
8 38
8 20
8 40
8 25
8 45
9 15
9 35
9 16
9 36
9 17
9 37
9 21
9 41
9 22
9 42
9 23
9 43
11 15
11 35
11 16
11 36
11 17
11 37
11 21
11 41
11 22
11 42
11 23
11 43
12 13
12 33
12 18
12 38
12 20
12 40
12 25
12 45
13 13
13 33
13 18
13 38
13 20
13 40
13 25
13 45
14 13
14 33
14 18
14 38
14 20
14 40
14 25
14 45
16 15
16 35
16 16
16 36
16 17
16 37
16 21
16 41
16 22
16 42
16 23
16 43
